{
 "cells": [
  {
   "cell_type": "code",
   "execution_count": 26,
   "id": "a6ff3695-dd2f-439e-b797-e6e78d1444fd",
   "metadata": {},
   "outputs": [
    {
     "name": "stdout",
     "output_type": "stream",
     "text": [
      "Objective: 0 miles\n",
      "Route for vehicle 0:\n",
      " 0 -> 33 -> 32 -> 31 -> 30 -> 29 -> 28 -> 27 -> 26 -> 25 -> 24 -> 23 -> 22 -> 21 -> 20 -> 19 -> 18 -> 17 -> 16 -> 15 -> 14 -> 13 -> 12 -> 11 -> 10 -> 9 -> 8 -> 7 -> 6 -> 5 -> 4 -> 3 -> 2 -> 1 -> 0\n",
      "\n"
     ]
    }
   ],
   "source": [
    "from ortools.constraint_solver import routing_enums_pb2\n",
    "from ortools.constraint_solver import pywrapcp\n",
    "\n",
    "\n",
    "def create_data_model():\n",
    "    \"\"\"Stores the data for the problem.\"\"\"\n",
    "    data = {}\n",
    "    data[\"distance_matrix\"] = distance_matrix\n",
    "    data[\"num_vehicles\"] = 1\n",
    "    data[\"depot\"] = 0\n",
    "    return data\n",
    "\n",
    "\n",
    "def print_solution(manager, routing, solution):\n",
    "    \"\"\"Prints solution on console.\"\"\"\n",
    "    print(f\"Objective: {solution.ObjectiveValue()} miles\")\n",
    "    index = routing.Start(0)\n",
    "    plan_output = \"Route for vehicle 0:\\n\"\n",
    "    route_distance = 0\n",
    "    while not routing.IsEnd(index):\n",
    "        plan_output += f\" {manager.IndexToNode(index)} ->\"\n",
    "        previous_index = index\n",
    "        index = solution.Value(routing.NextVar(index))\n",
    "        route_distance += routing.GetArcCostForVehicle(previous_index, index, 0)\n",
    "    plan_output += f\" {manager.IndexToNode(index)}\\n\"\n",
    "    print(plan_output)\n",
    "    plan_output += f\"Route distance: {route_distance}miles\\n\"\n",
    "\n",
    "\n",
    "def main():\n",
    "    \"\"\"Entry point of the program.\"\"\"\n",
    "    # Instantiate the data problem.\n",
    "    data = create_data_model()\n",
    "\n",
    "    # Create the routing index manager.\n",
    "    manager = pywrapcp.RoutingIndexManager(\n",
    "        len(data[\"distance_matrix\"]), data[\"num_vehicles\"], data[\"depot\"]\n",
    "    )\n",
    "\n",
    "    # Create Routing Model.\n",
    "    routing = pywrapcp.RoutingModel(manager)\n",
    "\n",
    "\n",
    "    def distance_callback(from_index, to_index):\n",
    "        \"\"\"Returns the distance between the two nodes.\"\"\"\n",
    "        # Convert from routing variable Index to distance matrix NodeIndex.\n",
    "        from_node = manager.IndexToNode(from_index)\n",
    "        to_node = manager.IndexToNode(to_index)\n",
    "        return data[\"distance_matrix\"][from_node,to_node]\n",
    "\n",
    "    transit_callback_index = routing.RegisterTransitCallback(distance_callback)\n",
    "\n",
    "    # Define cost of each arc.\n",
    "    routing.SetArcCostEvaluatorOfAllVehicles(transit_callback_index)\n",
    "\n",
    "    # Setting first solution heuristic.\n",
    "    search_parameters = pywrapcp.DefaultRoutingSearchParameters()\n",
    "    search_parameters.first_solution_strategy = (\n",
    "        routing_enums_pb2.FirstSolutionStrategy.PATH_CHEAPEST_ARC\n",
    "    )\n",
    "\n",
    "    # Solve the problem.\n",
    "    solution = routing.SolveWithParameters(search_parameters)\n",
    "\n",
    "    # Print solution on console.\n",
    "    if solution:\n",
    "        print_solution(manager, routing, solution)\n",
    "\n",
    "\n",
    "if __name__ == \"__main__\":\n",
    "    main()"
   ]
  },
  {
   "cell_type": "code",
   "execution_count": 21,
   "id": "4b3cef8f-3a98-447c-89df-bad98a4a5de6",
   "metadata": {},
   "outputs": [],
   "source": [
    "import numpy as np\n",
    "import pandas as pd"
   ]
  },
  {
   "cell_type": "code",
   "execution_count": 22,
   "id": "1271522b-dd2e-4238-890e-8515cec89cac",
   "metadata": {},
   "outputs": [],
   "source": [
    "b = np.array([\n",
    "        [0, 2451, 713, 1018, 1631, 1374, 2408, 213, 2571, 875, 1420, 2145, 1972],\n",
    "        [2451, 0, 1745, 1524, 831, 1240, 959, 2596, 403, 1589, 1374, 357, 579],\n",
    "        [713, 1745, 0, 355, 920, 803, 1737, 851, 1858, 262, 940, 1453, 1260],\n",
    "        [1018, 1524, 355, 0, 700, 862, 1395, 1123, 1584, 466, 1056, 1280, 987],\n",
    "        [1631, 831, 920, 700, 0, 663, 1021, 1769, 949, 796, 879, 586, 371],\n",
    "        [1374, 1240, 803, 862, 663, 0, 1681, 1551, 1765, 547, 225, 887, 999],\n",
    "        [2408, 959, 1737, 1395, 1021, 1681, 0, 2493, 678, 1724, 1891, 1114, 701],\n",
    "        [213, 2596, 851, 1123, 1769, 1551, 2493, 0, 2699, 1038, 1605, 2300, 2099],\n",
    "        [2571, 403, 1858, 1584, 949, 1765, 678, 2699, 0, 1744, 1645, 653, 600],\n",
    "        [875, 1589, 262, 466, 796, 547, 1724, 1038, 1744, 0, 679, 1272, 1162],\n",
    "        [1420, 1374, 940, 1056, 879, 225, 1891, 1605, 1645, 679, 0, 1017, 1200],\n",
    "        [2145, 357, 1453, 1280, 586, 887, 1114, 2300, 653, 1272, 1017, 0, 504],\n",
    "        [1972, 579, 1260, 987, 371, 999, 701, 2099, 600, 1162, 1200, 504, 0],\n",
    "    ])"
   ]
  },
  {
   "cell_type": "code",
   "execution_count": 29,
   "id": "ba2a8eec-20b7-4e54-98b3-dd432c8a376a",
   "metadata": {},
   "outputs": [
    {
     "data": {
      "text/plain": [
       "array([[   0, 2451,  713, 1018, 1631, 1374, 2408,  213, 2571,  875, 1420,\n",
       "        2145, 1972],\n",
       "       [2451,    0, 1745, 1524,  831, 1240,  959, 2596,  403, 1589, 1374,\n",
       "         357,  579],\n",
       "       [ 713, 1745,    0,  355,  920,  803, 1737,  851, 1858,  262,  940,\n",
       "        1453, 1260],\n",
       "       [1018, 1524,  355,    0,  700,  862, 1395, 1123, 1584,  466, 1056,\n",
       "        1280,  987],\n",
       "       [1631,  831,  920,  700,    0,  663, 1021, 1769,  949,  796,  879,\n",
       "         586,  371],\n",
       "       [1374, 1240,  803,  862,  663,    0, 1681, 1551, 1765,  547,  225,\n",
       "         887,  999],\n",
       "       [2408,  959, 1737, 1395, 1021, 1681,    0, 2493,  678, 1724, 1891,\n",
       "        1114,  701],\n",
       "       [ 213, 2596,  851, 1123, 1769, 1551, 2493,    0, 2699, 1038, 1605,\n",
       "        2300, 2099],\n",
       "       [2571,  403, 1858, 1584,  949, 1765,  678, 2699,    0, 1744, 1645,\n",
       "         653,  600],\n",
       "       [ 875, 1589,  262,  466,  796,  547, 1724, 1038, 1744,    0,  679,\n",
       "        1272, 1162],\n",
       "       [1420, 1374,  940, 1056,  879,  225, 1891, 1605, 1645,  679,    0,\n",
       "        1017, 1200],\n",
       "       [2145,  357, 1453, 1280,  586,  887, 1114, 2300,  653, 1272, 1017,\n",
       "           0,  504],\n",
       "       [1972,  579, 1260,  987,  371,  999,  701, 2099,  600, 1162, 1200,\n",
       "         504,    0]])"
      ]
     },
     "execution_count": 29,
     "metadata": {},
     "output_type": "execute_result"
    }
   ],
   "source": [
    "b"
   ]
  },
  {
   "cell_type": "code",
   "execution_count": 24,
   "id": "cb8a1e69-e03d-4266-8c7f-82d5e02587bf",
   "metadata": {},
   "outputs": [],
   "source": [
    "df = pd.read_csv('distance_matrix.csv')\n",
    "num_points = 34\n",
    "distance_matrix = np.round(df.values)"
   ]
  },
  {
   "cell_type": "code",
   "execution_count": 27,
   "id": "80a3f70e-27a5-4066-998e-a6704afcb038",
   "metadata": {},
   "outputs": [
    {
     "data": {
      "text/plain": [
       "array([[   0.,  279.,  510., ..., 2907., 2336., 2366.],\n",
       "       [ 279.,    0.,  232., ..., 2997., 2613., 2643.],\n",
       "       [ 510.,  232.,    0., ..., 3056., 2845., 2876.],\n",
       "       ...,\n",
       "       [2907., 2997., 3056., ...,    0., 3416., 3383.],\n",
       "       [2336., 2613., 2845., ..., 3416.,    0.,   64.],\n",
       "       [2366., 2643., 2876., ..., 3383.,   64.,    0.]])"
      ]
     },
     "execution_count": 27,
     "metadata": {},
     "output_type": "execute_result"
    }
   ],
   "source": [
    "distance_matrix"
   ]
  },
  {
   "cell_type": "code",
   "execution_count": 30,
   "id": "ed235d3b-f1d6-4757-a95f-d66134f31187",
   "metadata": {},
   "outputs": [
    {
     "data": {
      "text/plain": [
       "13"
      ]
     },
     "execution_count": 30,
     "metadata": {},
     "output_type": "execute_result"
    }
   ],
   "source": [
    "len([\n",
    "        [0, 2451, 713, 1018, 1631, 1374, 2408, 213, 2571, 875, 1420, 2145, 1972],\n",
    "        [2451, 0, 1745, 1524, 831, 1240, 959, 2596, 403, 1589, 1374, 357, 579],\n",
    "        [713, 1745, 0, 355, 920, 803, 1737, 851, 1858, 262, 940, 1453, 1260],\n",
    "        [1018, 1524, 355, 0, 700, 862, 1395, 1123, 1584, 466, 1056, 1280, 987],\n",
    "        [1631, 831, 920, 700, 0, 663, 1021, 1769, 949, 796, 879, 586, 371],\n",
    "        [1374, 1240, 803, 862, 663, 0, 1681, 1551, 1765, 547, 225, 887, 999],\n",
    "        [2408, 959, 1737, 1395, 1021, 1681, 0, 2493, 678, 1724, 1891, 1114, 701],\n",
    "        [213, 2596, 851, 1123, 1769, 1551, 2493, 0, 2699, 1038, 1605, 2300, 2099],\n",
    "        [2571, 403, 1858, 1584, 949, 1765, 678, 2699, 0, 1744, 1645, 653, 600],\n",
    "        [875, 1589, 262, 466, 796, 547, 1724, 1038, 1744, 0, 679, 1272, 1162],\n",
    "        [1420, 1374, 940, 1056, 879, 225, 1891, 1605, 1645, 679, 0, 1017, 1200],\n",
    "        [2145, 357, 1453, 1280, 586, 887, 1114, 2300, 653, 1272, 1017, 0, 504],\n",
    "        [1972, 579, 1260, 987, 371, 999, 701, 2099, 600, 1162, 1200, 504, 0],\n",
    "    ])"
   ]
  },
  {
   "cell_type": "code",
   "execution_count": null,
   "id": "44e52019-bd9e-4379-adc7-0525d77c521b",
   "metadata": {},
   "outputs": [],
   "source": []
  }
 ],
 "metadata": {
  "kernelspec": {
   "display_name": "Python 3 (ipykernel)",
   "language": "python",
   "name": "python3"
  },
  "language_info": {
   "codemirror_mode": {
    "name": "ipython",
    "version": 3
   },
   "file_extension": ".py",
   "mimetype": "text/x-python",
   "name": "python",
   "nbconvert_exporter": "python",
   "pygments_lexer": "ipython3",
   "version": "3.11.7"
  }
 },
 "nbformat": 4,
 "nbformat_minor": 5
}
